1 4492.74
2 4492.74
3 4492.74
4 4492.74
5 4492.74
6 4492.74
7 4492.74
1 4494.17
2 4494.17
3 4494.17
4 4494.17
5 4494.17
6 4494.17
7 4494.17
8 4494.17
1 4487.24
2 4487.24
3 4487.24
4 4487.24
5 4487.24
6 4487.24
7 4487.24
1 4502.89
2 4502.89
3 4502.89
4 4502.89
5 4502.89
6 4502.89
7 4502.89
8 4502.89
1 4492.84
2 4492.84
3 4492.84
4 4492.84
5 4492.84
6 4492.84
1 4492.84
2 4492.84
3 4492.84
4 4492.84
5 4492.84
6 4492.84
1 4492.84
2 4492.84
3 4492.84
4 4492.84
5 4492.84
6 4492.84
1 4492.84
2 4492.84
3 4492.84
4 4492.84
5 4492.84
6 4492.84
1 4492.84
2 4492.84
3 4492.84
4 4492.84
5 4492.84
6 4492.84
1 4512
2 4512
3 4512
4 4512
5 4512
6 4512
7 4512
8 4512
9 4512
10 4512
1 4512
2 4512
3 4512
4 4512
5 4512
6 4512
7 4512
8 4512
9 4512
10 4512
1 4512
2 4512
3 4512
4 4512
5 4512
6 4512
7 4512
8 4512
9 4512
10 4512
1 4512
2 4512
3 4512
4 4512
5 4512
6 4512
7 4512
8 4512
9 4512
10 4512
1 4512
2 4512
3 4512
4 4512
5 4512
6 4512
7 4512
8 4512
9 4512
10 4512
1 4512
2 4512
3 4512
4 4512
5 4512
6 4512
7 4512
8 4512
9 4512
10 4512
1 4503.51
2 4503.51
3 4503.51
4 4503.51
5 4503.51
6 4503.51
7 4503.51
1 4503.51
2 4503.51
3 4503.51
4 4503.51
5 4503.51
6 4503.51
7 4503.51
1 4506.83
2 4506.83
3 4506.83
4 4506.83
5 4506.83
6 4506.83
7 4506.83
1 4483.34
2 4483.34
3 4483.34
4 4483.34
5 4483.34
6 4483.34
7 4483.34
8 4483.34
1 4508.14
2 4508.14
3 4508.14
4 4508.14
5 4508.14
6 4508.14
7 4508.14
1 4508.14
2 4508.14
3 4508.14
4 4508.14
5 4508.14
6 4508.14
7 4508.14
1 4508.14
2 4508.14
3 4508.14
4 4508.14
5 4508.14
6 4508.14
7 4508.14
1 4487.61
2 4487.61
3 4487.61
4 4487.61
5 4487.61
6 4487.61
1 4487.61
2 4487.61
3 4487.61
4 4487.61
5 4487.61
6 4487.61
1 4487.61
2 4487.61
3 4487.61
4 4487.61
5 4487.61
6 4487.61
1 4483.37
2 4483.37
3 4483.37
4 4483.37
5 4483.37
6 4483.37
7 4483.37
1 4483.37
2 4483.37
3 4483.37
4 4483.37
5 4483.37
6 4483.37
7 4483.37
1 4483.37
2 4483.37
3 4483.37
4 4483.37
5 4483.37
6 4483.37
7 4483.37
1 4534.96
2 4534.96
3 4534.96
4 4534.96
5 4534.96
6 4534.96
7 4534.96
8 4534.96
1 4534.96
2 4534.96
3 4534.96
4 4534.96
5 4534.96
6 4534.96
7 4534.96
8 4534.96
1 4511.21
2 4511.21
3 4511.21
4 4511.21
5 4511.21
6 4511.21
7 4511.21
8 4511.21
