1 694.604
2 691.694
3 690.712
4 690.712
1 763.13
2 696.572
3 691.536
4 691.08
5 690.868
6 690.769
7 690.712
8 690.712
1 2613.65
2 1701.45
3 1097.92
4 775.494
5 697.966
6 691.958
7 691.354
8 690.769
9 690.712
10 690.712
1 2613.65
2 1701.45
3 1097.92
4 775.494
5 697.966
6 691.958
7 691.354
8 690.769
9 690.712
10 690.712
1 2613.65
2 1701.45
3 1097.92
4 775.494
5 697.966
6 691.958
7 691.354
8 690.769
9 690.712
10 690.712
1 895.191
2 722.107
3 695.468
4 691.694
5 690.712
6 690.712
1 895.191
2 722.107
3 695.468
4 691.694
5 690.712
6 690.712
1 2123.81
2 1568.21
3 765.104
4 692.413
5 691.203
6 690.712
7 690.712
1 2123.81
2 1568.21
3 765.104
4 692.413
5 691.203
6 690.712
7 690.712
1 1139.57
2 735.025
3 693.987
4 691.725
5 690.868
6 690.769
7 690.712
8 690.712
1 1139.57
2 735.025
3 693.987
4 691.725
5 690.868
6 690.769
7 690.712
8 690.712
1 2083.41
2 1991.48
3 1981.94
4 1981.63
5 1981.63
1 2083.41
2 1991.48
3 1981.94
4 1981.63
5 1981.63
1 1726.88
2 1098.76
3 760.247
4 691.449
5 691.203
6 690.712
7 690.712
1 1726.88
2 1098.76
3 760.247
4 691.449
5 691.203
6 690.712
7 690.712
1 1726.88
2 1098.76
3 760.247
4 691.449
5 691.203
6 690.712
7 690.712
1 1732.81
2 1436.15
3 1009.6
4 760.368
5 695.797
6 691.592
7 691.258
8 690.712
9 690.712
1 1732.81
2 1436.15
3 1009.6
4 760.368
5 695.797
6 691.592
7 691.258
8 690.712
9 690.712
1 1732.81
2 1436.15
3 1009.6
4 760.368
5 695.797
6 691.592
7 691.258
8 690.712
9 690.712
1 1903.24
2 1453.88
3 1029.13
4 727.349
5 693.987
6 691.725
7 690.868
8 690.769
9 690.712
10 690.712
1 1903.24
2 1453.88
3 1029.13
4 727.349
5 693.987
6 691.725
7 690.868
8 690.769
9 690.712
10 690.712
